((("Save" .
   [1 0 0 0])
  ("patientForm" .
   [1 0 0 0 0 0 0 0 0 0 0])
  ("endpoint" .
   [1 0 0 0 0 0 0 0])
  ("domain" .
   [1 0 0 0 0 0])
  ("TRUE" .
   [0 0 1 0])
  ("body" .
   [1 0 0 0])
  ("json" .
   [1 0 0 0])
  ("request" .
   [1 0 0 0 0 0 0])
  ("row2db" .
   [1 0 0 0 0 0])
  ("FALSE" .
   [3 0 0 0 0])
  ("if" .
   [1 0])
  ("$_POST" .
   [1 0 1 0 0 0])
  ("$query" .
   [1 0 0 0 0 0])
  ("success" .
   [0 0 0 0 0 1 0])
  ("unit_type" .
   [1 0 0 0 0 0 0 0 0])
  ("lat_call" .
   [1 0 0 0 0 0 0 0])
  ("lng_call" .
   [1 0 0 1 0 0 0 0])
  ("lat_unit" .
   [0 0 0 0 0 1 0 0])
  ("time_hospitalization" .
   [0 0 0 0 0 0 0 0 1 0 0 0 0 0 0 0 0 0 0 0])
  ("time_call" .
   [2 0 0 0 0 0 0 0 0])
  ("date" .
   [1 0 0 0])
  ("$date" .
   [1 0 0 0 0])
  ("echo" .
   [5 0 0 0])
  ("null" .
   [1 0 0 0])
  ("row_db" .
   [3 0 0 0 0 0])
  ("parse_row" .
   [2 0 0 0 0 0 0 0 0])
  ("coord_unit" .
   [2 0 0 0 0 0 0 0 0 0])
  ("get_coord" .
   [1 0 0 0 0 0 0 0 1])
  ("coord" .
   [5 0 0 0 0])
  ("await" .
   [5 0 0 0 0])
  ("const" .
   [3 0 0 0 0])
  ("geometry" .
   [2 0 0 0 0 0 0 0])
  ("async" .
   [3 0 0 0 0])
  ("catch" .
   [1 0 0 0 0])
  ("response" .
   [3 0 0 0 0 1 0 0])
  ("log" .
   [3 0 0])
  ("console" .
   [3 0 0 0 0 0 0])
  ("coord_call" .
   [3 0 0 0 0 0 0 0 0 0])
  ("coord_hosp" .
   [0 0 0 1 0 0 0 0 0 1])
  ("row" .
   [4 0 0])
  ("address" .
   [1 0 1 0 0 0 1])
  ("geocode" .
   [2 0 0 0 2 0 1])
  ("second" .
   [0 0 0 0 0 1])
  ("Overview" .
   [0 0 0 0 2 0 0 0])
  ("portfolio" .
   [0 0 0 0 0 0 0 0 1])
  ("experiences" .
   [1 0 0 0 0 0 0 0 0 0 0])
  ("f_lib" .
   [1 0 0 0 0])
  ("Outline" .
   [1 0 0 0 0 0 0])
  ("outline" .
   [1 0 0 0 0 0 0])
  ("instagram" .
   [0 0 0 0 0 1 0 0 0])
  ("music" .
   [1 0 0 0 0])
  ("viudi" .
   [1 0 0 0 0])
  ("Geomadi" .
   [1 0 0 0 0 0 0])
  ("pictures" .
   [1 0 0 0 0 0 0 0])
  ("of" .
   [1 0])
  ("collection" .
   [1 0 0 0 0 0 0 0 0 0])
  ("meltD" .
   [1 0 0 0 0])
  ("is.na" .
   [1 0 0 0 0])
  ("fs" .
   [2 0])
  ("seq" .
   [1 0 0])
  ("range" .
   [1 0 0 0 0])
  ("head" .
   [1 0 0 0])
  ("openjdk-8-jdk" .
   [0 0 0 0 1 0 0 0 0 0 0 0 0])
  ("install" .
   [0 0 0 0 1 0 0])
  ("apt-get" .
   [0 0 0 0 1 0 0])
  ("/home/sabeiro" .
   [0 0 0 0 0 1 0 0 0 0 0 0 0])
  ("--rm" .
   [1 0 0 0])
  ("imgName" .
   [1 0 0 0 0 0 0])
  ("velM" .
   [1 0 0 0])
  ("una" .
   [2 0 0])
  ("che" .
   [5 0 0])
  ("macchina" .
   [2 0 0 0 0 0 0 0])
  ("poi" .
   [1 0 0])
  ("mondo" .
   [1 0 0 0 0])
  ("in" .
   [3 0])
  ("quanto" .
   [1 0 0 0 0 0])
  ("sempre" .
   [1 0 0 0 0 0])
  ("come" .
   [3 0 0 0])
  ("roma" .
   [2 0 0 0])
  ("non" .
   [1 0 0])
  ("per" .
   [2 0 0])
  ("creare" .
   [1 0 0 0 0 0])
  ("the" .
   [4 0 0])
  ("should" .
   [2 0 0 0 0 0])
  ("when" .
   [1 0 0 0])
  ("you" .
   [7 0 0])
  ("and" .
   [3 0 0])
  ("not" .
   [1 0 0])
  ("let" .
   [4 0 0])
  ("love" .
   [2 0 0 0])
  ("to" .
   [9 0])
  ("for" .
   [2 0 0])
  ("art" .
   [1 0 0])
  ("your" .
   [1 0 0 0])
  ("have" .
   [2 0 0 0])
  ("with" .
   [5 0 0 0])
  ("or" .
   [3 0])
  ("some" .
   [1 0 0 0])
  ("border" .
   [1 0 0 0 0 0])
  ("is" .
   [1 0])
  ("can" .
   [1 0 0])
  ("travel" .
   [2 0 0 0 0 0])
  ("much" .
   [1 0 0 0])
  ("next" .
   [1 0 0 0])
  ("time" .
   [3 0 0 0])
  ("do" .
   [2 0])
  ("here" .
   [2 0 0 0])
  ("picture" .
   [1 0 0 0 0 0 0])
  ("help" .
   [1 0 0 0])
  ("Video" .
   [2 0 0 0 0])
  ("section" .
   [1 0 0 0 0 0 0])
  ("fleet" .
   [1 0 0 0 0])
  ("dispatch" .
   [1 0 0 0 0 0 0 0])
  ("tech" .
   [1 0 0 0])
  ("Technology" .
   [1 0 0 0 0 0 0 0 0 0])
  ("spiega" .
   [3 0 0 0 0 0])
  ("Data" .
   [1 0 0 0])
  ("science" .
   [1 0 0 0 0 0 0])
  ("Documentation" .
   [1 0 0 0 0 0 0 0 0 0 0 0 0])
  ("https" .
   [14 0 0 0 0])
  ("html" .
   [15 0 0 0])
  ("fatica" .
   [1 0 0 0 0 0])
  ("gruppo" .
   [1 0 0 0 0 0])
  ("occhi" .
   [1 0 0 0 0])
  ("zuo" .
   [1 0 0])
  ("Bolla" .
   [1 0 0 0 0])
  ("href" .
   [2 0 0 0])
  ("index" .
   [1 0 0 0 0])
  ("Scritti" .
   [1 0 0 0 0 0 0])
  ("Copiosi" .
   [1 0 0 0 0 0 0])
  ("Raccolta" .
   [1 0 0 0 0 0 0 0])
  ("pensieri" .
   [1 0 0 0 0 0 0 0])
  ("memorie" .
   [1 0 0 0 0 0 0])
  ("br" .
   [2 0])
  ("No" .
   [1 0])
  ("need" .
   [1 0 0 0])
  ("see" .
   [1 0 0])
  ("d" .
   [1])
  ("v" .
   [1])
  ("mountains" .
   [1 0 0 0 0 0 0 0 0])
  ("china" .
   [3 0 0 0 0])
  ("mexico" .
   [3 0 0 0 0 0])
  ("home" .
   [1 0 0 0])
  ("Gardalake" .
   [1 0 0 0 0 0 0 0 0])
  ("garda" .
   [5 0 0 0 0])
  ("baldo_tremosine" .
   [0 0 0 0 0 0 0 0 0 1 0 0 0 0 0])
  ("renzano" .
   [3 0 0 0 0 0 0])
  ("salo" .
   [1 0 0 0])
  ("brescia" .
   [1 0 0 0 0 0 0])
  ("jpg" .
   [3 0 0])
  ("JPG" .
   [1 0 0])
  ("h3" .
   [3 0])
  ("Salò" .
   [1 0 0 0])
  ("gaver" .
   [3 0 0 0 0])
  ("places" .
   [1 0 0 0 0 0])
  ("nature" .
   [1 0 0 0 0 0])
  ("place" .
   [8 0 0 0 0])
  ("live" .
   [1 0 0 0])
  ("Places" .
   [1 0 0 0 0 0])
  ("escape" .
   [1 0 0 0 0 0])
  ("stable" .
   [1 0 0 0 0 0])
  ("fName" .
   [12 0 0 0 0])
  ("stable_" .
   [6 0 0 0 0 0 0])
  ("unstable_" .
   [0 0 0 0 1 1 0 0 0])
  ("h1" .
   [1 0])
  ("h2" .
   [1 0])
  ("file" .
   [1 0 0 0])
  ("margin-right" .
   [0 1 0 0 0 0 0 0 0 0 0 0])
  ("test" .
   [2 0 0 0])
  ("$pdata" .
   [2 0 0 0 0 0])
  ("json_decode" .
   [0 0 0 0 0 0 0 1 0 0 0])
  ("CAMERA" .
   [1 0 0 0 0 0])
  ("Patient" .
   [1 0 0 0 0 0 0])
  ("sData" .
   [4 0 0 0 0])
  ("JSON" .
   [1 0 0 0])
  ("stringify" .
   [0 0 0 0 0 1 0 0 0])
  ("tmp" .
   [1 0 0])
  ("t" .
   [1])
  ("false" .
   [1 0 0 0 0])))
